ISS (ZARYA)             
1 25544U 98067A   24246.20649231  .00022756  00000+0  41534-3 0  9996
2 25544  51.6408 293.7794 0011139 310.0272 156.4534 15.49262444470490
CSS (TIANHE)            
1 48274U 21035A   24245.26259506  .00067086  00000+0  72673-3 0  9992
2 48274  41.4702 339.4853 0002447 337.1046  22.9684 15.62607874190996
ISS (NAUKA)             
1 49044U 21066A   24245.60686965  .00023291  00000+0  42527-3 0  9998
2 49044  51.6387 296.7518 0011165 307.6830  52.3145 15.49235886176164
FREGAT DEB              
1 49271U 11037PF  24245.69159508  .00005634  00000+0  13160-1 0  9994
2 49271  51.6821 127.3636 0939321 292.1035  58.2740 12.20339584144535
CSS (WENTIAN)           
1 53239U 22085A   24245.26259506  .00067086  00000+0  72673-3 0  9995
2 53239  41.4702 339.4853 0002447 337.1046  22.9684 15.62607874189003
CSS (MENGTIAN)          
1 54216U 22143A   24245.26259506  .00067086  00000+0  72673-3 0  9996
2 54216  41.4702 339.4853 0002447 337.1046  22.9684 15.62607874103836
TIANZHOU-7              
1 58811U 24013A   24245.26259506  .00067086  00000+0  72673-3 0  9999
2 58811  41.4702 339.4853 0002447 337.1046  22.9684 15.62607874159922
CREW DRAGON 8           
1 59097U 24042A   24245.60686965  .00023291  00000+0  42527-3 0  9994
2 59097  51.6387 296.7518 0011165 307.6830  52.3145 15.49235886 27696
SOYUZ-MS 25             
1 59294U 24055A   24245.60686965  .00023291  00000+0  42527-3 0  9997
2 59294  51.6387 296.7518 0011165 307.6830  52.3145 15.49235886 24827
CURTIS                  
1 59507U 98067WG  24245.47876366  .00468133  94248-4  14877-2 0  9995
2 59507  51.6188 281.5121 0009232 346.5841  13.4918 15.90540648 22488
1998-067WJ              
1 59559U 98067WJ  24245.47309316  .00514044  11097-3  17146-2 0  9993
2 59559  51.6240 283.0267 0008224  16.2664 343.8604 15.89598144 21333
1998-067WL              
1 59561U 98067WL  24245.84858573  .00097727  00000+0  96728-3 0  9997
2 59561  51.6300 288.6001 0002238 348.0639  12.0303 15.65050675 21266
BURSTCUBE               
1 59562U 98067WM  24245.34604822  .00480262  00000+0  16082-2 0  9993
2 59562  51.6238 283.6857 0008511   9.1826 350.9333 15.88334226 21296
SNOOPI                  
1 59563U 98067WN  24245.65953441  .00321744  00000+0  15235-2 0  9990
2 59563  51.6275 284.3141 0007746   7.3818 352.7297 15.81506352 21318
SHENZHOU-18 (SZ-18)     
1 59591U 24078A   24245.26259506  .00067086  00000+0  72673-3 0  9996
2 59591  41.4702 339.4853 0002447 337.1046  22.9684 15.62607874 19024
SZ-17 MODULE            
1 59624U 23164C   24245.66862758  .00093171  00000+0  63505-3 0  9999
2 59624  41.4759 331.9485 0008228  65.3564 294.8136 15.73752394 19559
PROGRESS-MS 27          
1 59913U 24103A   24245.60686965  .00023291  00000+0  42527-3 0  9999
2 59913  51.6387 296.7518 0011165 307.6830  52.3145 15.49235886 14228
STARLINER CFT-1         
1 59968U 24109A   24245.60686965  .00023291  00000+0  42527-3 0  9995
2 59968  51.6387 296.7518 0011165 307.6830  52.3145 15.49235886 12934
CYGNUS NG-21            
1 60378U 24139A   24245.60686965  .00023291  00000+0  42527-3 0  9995
2 60378  51.6387 296.7518 0011165 307.6830  52.3145 15.49235886  3762
PROGRESS-MS 28          
1 60450U 24145A   24245.47785872  .00024017  00000+0  43831-3 0  9991
2 60450  51.6388 297.3906 0011164 307.3013  52.6957 15.49230024470380